2	part2-rh	70	130	180	0
3	part3-rh	245	245	245	0
4	part4-rh	205	62	78	0
5	part5-rh	120	18	134	0
6	part6-rh	196	58	250	0
7	part7-rh	0	148	0	0
8	part8-rh	220	248	164	0
9	part9-rh	230	148	34	0
10	part10-rh	0	118	14	0
11	part11-rh	0	118	14	0
12	part12-rh	122	186	220	0
13	part13-rh	236	13	176	0
14	part14-rh	12	48	255	0
15	part15-rh	204	182	142	0
16	part16-rh	42	204	164	0
17	part17-rh	119	159	176	0
18	part18-rh	220	216	20	0
19	part19-rh	103	255	255	0
20	part20-rh	80	196	98	0
21	part21-rh	60	58	210	0
22	part22-rh	60	58	210	0
23	part23-rh	60	58	210	0
24	part24-rh	60	58	210	0
25	part25-rh	60	60	60	0
26	part26-rh	255	165	0	0
27	part27-rh	255	165	0	0
28	part28-rh	0	255	127	0
29	part29-rh	165	42	42	0
30	part30-rh	135	206	235	0
31	part31-rh	160	32	240	0
32	part32-rh	0	200	200	0
33	part33-rh	100	50	100	0
34	part34-rh	135	50	74	0
35	part35-rh	122	135	50	0
36	part36-rh	51	50	135	0
37	part37-rh	74	155	60	0
38	part38-rh	120	62	43	0
39	part39-rh	74	155	60	0
40	part40-rh	122	135	50	0
41	part41-rh	70	130	180	0
42	part42-rh	0	225	0	0
43	part43-rh	205	62	78	0
44	part44-rh	120	18	134	0
45	part45-rh	196	58	250	0
46	part46-rh	0	148	0	0
47	part47-rh	220	248	164	0
48	part48-rh	230	148	34	0
49	part49-rh	0	118	14	0
50	part50-rh	0	118	14	0
51	part51-rh	122	186	220	0
52	part52-rh	236	13	176	0
53	part53-rh	13	48	255	0
54	part54-rh	220	216	20	0
55	part55-rh	103	255	255	0
56	part56-rh	80	196	98	0
57	part57-rh	60	58	210	0
58	part58-rh	255	165	0	0
59	part59-rh	255	165	0	0
60	part60-rh	0	255	127	0
61	part61-rh	165	42	42	0
62	part62-rh	135	206	235	0
63	part63-rh	160	32	240	0
64	part64-rh	0	200	221	0
65	part65-rh	100	50	100	0
66	part66-rh	135	50	74	0
67	part67-rh	122	135	50	0
68	part68-rh	51	50	135	0
69	part69-rh	74	155	60	0
70	part70-rh	120	62	43	0
71	part71-rh	74	155	60	0
72	part72-rh	122	135	50	0
73	part73-rh	120	190	150	0
74	part74-rh	122	135	50	0
75	part75-rh	122	135	50	0
76	part76-rh	120	18	134	0
77	part77-rh	120	18	134	0
78	part78-rh	200	70	255	0
79	part79-rh	255	148	10	0
80	part80-rh	255	148	10	0
81	part81-rh	164	108	226	0
82	part82-rh	164	108	226	0
83	part83-rh	164	108	226	0
84	part84-rh	255	218	185	0
85	part85-rh	255	218	185	0
86	part86-rh	234	169	30	0
87	part87-rh	250	255	50	0
88	part88-rh	205	10	125	0
89	part89-rh	205	10	125	0
90	part90-rh	160	32	240	0
91	part91-rh	124	140	178	0
92	part92-rh	125	140	178	0
93	part93-rh	126	140	178	0
94	part94-rh	127	140	178	0
95	part95-rh	124	141	178	0
96	part96-rh	124	142	178	0
97	part97-rh	124	143	178	0
98	part98-rh	124	144	178	0
99	part99-rh	124	140	179	0
100	part100-rh	124	140	178	0
101	part101-rh	125	140	178	0
102	part102-rh	126	140	178	0
103	part103-rh	127	140	178	0
104	part104-rh	124	141	178	0
105	part105-rh	124	142	178	0
106	part106-rh	124	143	178	0
107	part107-rh	124	144	178	0
108	part108-rh	124	140	179	0
109	part109-rh	255	20	147	0
110	part110-rh	205	179	139	0
111	part111-rh	238	238	209	0
112	part112-rh	200	200	200	0
113	part113-rh	74	255	74	0
114	part114-rh	238	0	0	0
115	part115-rh	0	0	139	0
116	part116-rh	173	255	47	0
117	part117-rh	133	203	229	0
118	part118-rh	26	237	57	0
119	part119-rh	34	139	34	0
120	part120-rh	30	144	255	0
121	part121-rh	147	19	173	0
122	part122-rh	238	59	59	0
123	part123-rh	221	39	200	0
124	part124-rh	238	174	238	0
125	part125-rh	255	0	0	0
126	part126-rh	72	61	139	0
127	part127-rh	21	39	132	0
128	part128-rh	21	39	132	0
129	part129-rh	65	135	20	0
130	part130-rh	65	135	20	0
131	part131-rh	134	4	160	0
132	part132-rh	221	226	68	0
133	part133-rh	255	255	254	0
134	part134-rh	52	209	226	0
135	part135-rh	239	160	223	0
136	part136-rh	70	130	180	0
137	part137-rh	70	130	181	0
138	part138-rh	139	121	94	0
139	part139-rh	224	224	224	0
140	part140-rh	255	0	0	0
141	part141-rh	205	205	0	0
142	part142-rh	238	238	209	0
143	part143-rh	139	121	94	0
144	part144-rh	238	59	59	0
145	part145-rh	238	59	59	0
146	part146-rh	238	59	59	0
147	part147-rh	62	10	205	0
148	part148-rh	62	10	205	0
149	part149-rh	0	118	14	0
150	part150-rh	0	118	14	0
151	part151-rh	220	216	21	0
152	part152-rh	220	216	21	0
153	part153-rh	122	186	220	0
154	part154-rh	122	186	220	0
155	part155-rh	255	165	0	0
156	part156-rh	14	48	255	0
157	part157-rh	166	42	42	0
158	part158-rh	121	18	134	0
159	part159-rh	119	159	176	0
160	part160-rh	119	0	176	0
161	part161-rh	119	100	176	0
162	part162-rh	119	200	176	0
163	part163-rh	119	159	100	0
164	part164-rh	119	159	200	0
165	part165-rh	73	61	139	0
166	part166-rh	73	62	139	0
167	part167-rh	0	196	255	0
168	part168-rh	255	164	164	0
169	part169-rh	196	196	0	0
170	part170-rh	0	100	255	0
171	part171-rh	128	196	164	0
172	part172-rh	0	126	75	0
173	part173-rh	128	96	64	0
174	part174-rh	0	50	128	0
175	part175-rh	255	204	153	0
176	part176-rh	255	128	128	0
177	part177-rh	255	255	0	0
178	part178-rh	64	0	64	0
179	part179-rh	0	0	255	0
180	part180-rh	255	0	0	0
181	part181-rh	128	128	255	0
182	part182-rh	0	128	0	0
183	part183-rh	196	160	128	0
184	part184-rh	32	200	255	0
185	part185-rh	128	255	128	0
186	part186-rh	204	153	204	0
187	part187-rh	121	17	136	0
188	part188-rh	128	0	0	0
189	part189-rh	128	32	255	0
190	part190-rh	255	204	102	0
191	part191-rh	128	128	128	0
192	part192-rh	104	255	255	0
193	part193-rh	0	226	0	0
194	part194-rh	205	63	78	0
195	part195-rh	197	58	250	0
196	part196-rh	33	150	250	0
197	part197-rh	226	0	0	0
198	part198-rh	100	100	100	0
199	part199-rh	197	150	250	0
200	part200-rh	255	0	0	0
201	part201-rh	0	0	64	0
202	part202-rh	0	0	112	0
203	part203-rh	0	0	160	0
204	part204-rh	0	0	208	0
205	part205-rh	0	0	255	0
206	part206-rh	0	0	0	0
207	part207-rh	255	0	0	0
208	part208-rh	255	80	0	0
209	part209-rh	255	160	0	0
210	part210-rh	255	255	0	0
211	part211-rh	0	255	0	0
212	part212-rh	255	0	160	0
213	part213-rh	255	0	255	0
214	part214-rh	255	50	80	0
215	part215-rh	80	255	50	0
216	part216-rh	160	255	50	0
217	part217-rh	160	200	255	0
218	part218-rh	0	255	160	0
219	part219-rh	0	0	255	0
220	part220-rh	80	50	255	0
221	part221-rh	160	0	255	0
222	part222-rh	255	210	0	0
223	part223-rh	0	160	255	0
224	part224-rh	255	200	80	0
225	part225-rh	255	200	160	0
226	part226-rh	255	80	200	0
227	part227-rh	255	160	200	0
228	part228-rh	30	255	80	0
229	part229-rh	80	200	255	0
230	part230-rh	80	255	200	0
231	part231-rh	195	255	200	0
232	part232-rh	120	200	20	0
233	part233-rh	170	10	200	0
234	part234-rh	20	130	180	0
235	part235-rh	20	180	130	0
236	part236-rh	206	62	78	0
237	part237-rh	121	18	134	0
238	part238-rh	199	58	250	0
239	part239-rh	1	148	0	0
240	part240-rh	221	248	164	0
241	part241-rh	231	148	34	0
242	part242-rh	1	118	14	0
243	part243-rh	120	118	14	0
244	part244-rh	123	186	221	0
245	part245-rh	238	13	177	0
246	part246-rh	123	186	220	0
247	part247-rh	138	13	206	0
248	part248-rh	238	130	176	0
249	part249-rh	218	230	76	0
250	part250-rh	38	213	176	0
251	part251-rh	1	225	176	0
252	part252-rh	1	225	176	0
253	part253-rh	200	2	100	0
254	part254-rh	200	2	100	0
255	part255-rh	5	200	90	0
256	part256-rh	5	200	90	0
257	part257-rh	100	5	200	0
258	part258-rh	25	255	100	0
259	part259-rh	25	255	100	0
260	part260-rh	230	7	100	0
261	part261-rh	230	7	100	0
262	part262-rh	100	5	200	0
263	part263-rh	150	10	200	0
264	part264-rh	150	10	200	0
265	part265-rh	175	10	176	0
266	part266-rh	175	10	176	0
267	part267-rh	10	100	255	0
268	part268-rh	10	100	255	0
269	part269-rh	150	45	70	0
270	part270-rh	150	45	70	0
271	part271-rh	45	200	15	0
272	part272-rh	45	200	15	0
273	part273-rh	227	45	100	0
274	part274-rh	227	45	100	0
275	part275-rh	227	45	100	0
276	part276-rh	17	85	136	0
277	part277-rh	119	187	102	0
278	part278-rh	204	68	34	0
279	part279-rh	204	0	255	0
280	part280-rh	221	187	17	0
281	part281-rh	153	221	238	0
282	part282-rh	51	17	17	0
283	part283-rh	0	119	85	0
284	part284-rh	20	100	200	0
285	part285-rh	17	85	137	0
286	part286-rh	119	187	103	0
287	part287-rh	204	68	35	0
288	part288-rh	204	0	254	0
289	part289-rh	221	187	16	0
290	part290-rh	153	221	239	0
291	part291-rh	51	17	18	0
292	part292-rh	0	119	86	0
293	part293-rh	20	100	201	0
294	part294-rh	254	254	254	0
295	part295-rh	120	18	134	0
296	part296-rh	205	62	78	0
297	part297-rh	0	225	0	0
298	part298-rh	255	100	100	0
299	part299-rh	25	5	25	0
300	part300-rh	25	100	40	0
